# oST version 5.0 parameters


[image]

width
640

height
480

[narrow_stereo]

camera matrix
845.565260 0.000000 400.507148
0.000000 837.880780 182.743230
0.000000 0.000000 1.000000

distortion
-0.636103 0.378621 0.014302 -0.013357 0.000000

rectification
1.000000 0.000000 0.000000
0.000000 1.000000 0.000000
0.000000 0.000000 1.000000

projection
750.747192 0.000000 410.891308 0.000000
0.000000 787.551575 179.240830 0.000000
0.000000 0.000000 1.000000 0.000000

