image_width: 640
image_height: 480
camera_name: narrow_stereo
camera_matrix:
  rows: 3
  cols: 3
  data: [845.56526, 0, 400.507148, 0, 837.88078, 182.74323, 0, 0, 1]
distortion_model: plumb_bob
distortion_coefficients:
  rows: 1
  cols: 5
  data: [-0.636103, 0.378621, 0.014302, -0.013357, 0]
rectification_matrix:
  rows: 3
  cols: 3
  data: [1, 0, 0, 0, 1, 0, 0, 0, 1]
projection_matrix:
  rows: 3
  cols: 4
  data: [750.747192, 0, 410.891308, 0, 0, 787.551575, 179.24083, 0, 0, 0, 1, 0]