image_width: 640
image_height: 480
camera_name: narrow_stereo
camera_matrix:
  rows: 3
  cols: 3
  data: [950.993569, 0, 499.210274, 0, 1017.364393, 250.828701, 0, 0, 1]
distortion_model: plumb_bob
distortion_coefficients:
  rows: 1
  cols: 5
  data: [-0.957716, 0.274792, -0.014592, -0.108317, 0]
rectification_matrix:
  rows: 3
  cols: 3
  data: [1, 0, 0, 0, 1, 0, 0, 0, 1]
projection_matrix:
  rows: 3
  cols: 4
  data: [854.244629, 0, 502.07532, 0, 0, 970.29425, 248.510806, 0, 0, 0, 1, 0]