# oST version 5.0 parameters


[image]

width
640

height
480

[narrow_stereo]

camera matrix
950.993569 0.000000 499.210274
0.000000 1017.364393 250.828701
0.000000 0.000000 1.000000

distortion
-0.957716 0.274792 -0.014592 -0.108317 0.000000

rectification
1.000000 0.000000 0.000000
0.000000 1.000000 0.000000
0.000000 0.000000 1.000000

projection
854.244629 0.000000 502.075320 0.000000
0.000000 970.294250 248.510806 0.000000
0.000000 0.000000 1.000000 0.000000

