# oST version 5.0 parameters


[image]

width
640

height
480

[narrow_stereo]

camera matrix
1146.895716 0.000000 340.678287
0.000000 1090.316340 67.985837
0.000000 0.000000 1.000000

distortion
-1.116886 -0.126159 0.157037 0.006277 0.000000

rectification
1.000000 0.000000 0.000000
0.000000 1.000000 0.000000
0.000000 0.000000 1.000000

projection
1044.019897 0.000000 349.263315 0.000000
0.000000 1098.863770 71.123610 0.000000
0.000000 0.000000 1.000000 0.000000

