image_width: 640
image_height: 480
camera_name: narrow_stereo
camera_matrix:
  rows: 3
  cols: 3
  data: [1146.895716, 0, 340.678287, 0, 1090.31634, 67.985837, 0, 0, 1]
distortion_model: plumb_bob
distortion_coefficients:
  rows: 1
  cols: 5
  data: [-1.116886, -0.126159, 0.157037, 0.006277, 0]
rectification_matrix:
  rows: 3
  cols: 3
  data: [1, 0, 0, 0, 1, 0, 0, 0, 1]
projection_matrix:
  rows: 3
  cols: 4
  data: [1044.019897, 0, 349.263315, 0, 0, 1098.86377, 71.12361, 0, 0, 0, 1, 0]