# oST version 5.0 parameters


[image]

width
640

height
480

[narrow_stereo]

camera matrix
1085.996898 0.000000 399.486504
0.000000 1103.685017 205.006502
0.000000 0.000000 1.000000

distortion
-1.139180 0.737953 0.011955 -0.031252 0.000000

rectification
1.000000 0.000000 0.000000
0.000000 1.000000 0.000000
0.000000 0.000000 1.000000

projection
949.195496 0.000000 408.529709 0.000000
0.000000 1034.884766 202.249345 0.000000
0.000000 0.000000 1.000000 0.000000

